9 2
2 5
-4 10
3 5
8 4
-1 8
9 3
0 -4
10 6
5 9
3 -2
9 0
-5 0
0 6
10 4
9 10
1 5
7 2
-3 -1
8 5
3 -4
7 4
9 4
10 1
5 9
2 4
3 5
2 5
7 8
7 10
2 10
5 7
1 0
0 8
5 10
4 6
4 5
9 5
2 4
10 5
1 2
7 8
10 6
5 7
9 2
2 5
-4 10
3 5
8 4
-1 8
9 3
0 -4
10 6
5 9
3 -2
9 0
-5 0
0 6
10 4
9 10
1 5
7 2
-3 -1
8 5
3 -4
7 4
9 4
10 1
5 9
2 4
3 5
2 5
7 8
7 10
2 10
5 7
1 0
0 8
5 10
4 6
4 5
9 5
2 4
10 5
1 2
7 8
10 6
5 7
0 5
7 0
1 7
3 8
5 10
4 9
3 8
2 8
1 7
3 7
5 4
1 6
4 2
10 1
6 8
3 9
4 1
8 10
1 4
3 0
9 3
2 9
9 2
2 5
-4 10
3 5
8 4
-1 8
9 3
0 -4
10 6
5 9
3 -2
9 0
-5 0
0 6
10 4
9 10
1 5
7 2
-3 -1
8 5
3 -4
7 4
9 4
10 1
5 9
2 4
3 5
2 5
7 8
7 10
2 10
5 7
1 0
0 8
5 10
4 6
4 5
9 5
2 4
10 5
1 2
7 8
10 6
5 7